place(-4.336, 2.000, -3.272, "Demoman", 700)
upgrade(-4.336, 3.350, -3.272, 632)
upgrade(-4.336, 3.350, -3.272, 482)
place(4.160, 2.000, -3.776, "Scout", 577)
upgrade(4.160, 3.350, -3.776, 427)
upgrade(4.160, 3.350, -3.776, 377)
place(3.117, 2.000, 3.806, "Scout", 217)
upgrade(3.117, 3.350, 3.806, 87)
upgrade(3.117, 3.350, 3.806, 702)
upgrade(-4.336, 3.350, -3.272, 2438)
upgrade(4.160, 3.350, -3.776, 2029)
upgrade(3.117, 3.350, 3.806, 1179)
place(-3.639, 2.000, 3.809, "Demoman", 1640)
upgrade(-3.639, 3.350, 3.809, 1065)
upgrade(-3.639, 3.350, 3.809, 915)
upgrade(-3.639, 3.350, 3.809, 2140)
upgrade(4.160, 3.350, -3.776, 2510)
upgrade(3.117, 3.350, 3.806, 2806)
place(12.160, 6.355, -15.329, "Sniper", 5924)
upgrade(12.160, 7.705, -15.329, 5624)
upgrade(12.160, 7.705, -15.329, 5503)
upgrade(12.160, 7.705, -15.329, 4999)
upgrade(12.160, 7.705, -15.329, 3549)
upgrade(-3.639, 3.350, 3.809, 6277)
upgrade(-4.336, 3.350, -3.272, 7695)
upgrade(12.160, 7.705, -15.329, 6527)
place(6.304, 2.000, 4.098, "Demoman", 2637)
upgrade(6.304, 3.350, 4.098, 2182)
upgrade(6.304, 3.350, 4.098, 2052)
upgrade(6.304, 3.350, 4.098, 1737)
place(4.138, 7.225, 27.580, "Sniper", 5941)
upgrade(4.138, 8.575, 27.580, 5666)
upgrade(4.138, 8.575, 27.580, 5516)
upgrade(4.138, 8.575, 27.580, 5017)
upgrade(4.138, 8.575, 27.580, 3522)
upgrade(4.138, 8.575, 27.580, 4066)
